00000100000000010000000000001000
01000000000000100000000000000010
00000000010000010001100000000000
00001000011000100010100000000000
01000100101000100010000000000000
01001000100000100100000000000000
01100000000010000100000001000000
11000101000000011111111111111110
01101100010001100000000000001000
01101100110001110000000000000000
00000100111001110000000000001000
11000000111000011111111111111110
10011000001000100000000000000100
10011100001010010000000000000100
11100000000000000000000000010000
00000100000010100000000000001010
11111100000000000000000000000000
